 08 01 00 00 00 a3 00 00 00 00 00
 40 04 00 00 a4 4a 00 00 00 00 00
 02 00 00 00 48 a2 00 00 00 00 00
 00 00 00 00 21 22 00 00 00 00 00
 00 00 00 00 00 4a 00 00 00 00 00
 16 00 00 01 61 66 00 00 00 00 00
 24 00 00 00 42 ee 00 00 00 00 00
 44 00 00 00 0c c8 00 00 00 00 00
 40 20 00 20 28 85 00 00 00 00 00
 1a 81 00 00 35 b3 00 00 00 00 00
 09 04 00 00 10 89 00 00 00 00 00
 00 00 00 00 01 aa 00 00 00 00 00
 00 00 00 40 54 aa 00 00 00 00 00
 90 00 00 01 28 1c 00 00 00 00 00
 22 00 00 00 65 67 00 00 00 00 00
 40 00 00 00 46 8c 00 00 00 00 00
 40 00 00 00 88 55 00 00 00 00 00
 80 00 00 20 00 d5 00 00 00 00 00
 0a 00 00 00 1c 99 00 00 00 00 00
 00 00 00 00 21 63 00 00 00 00 00
 00 00 00 00 42 6e 00 00 00 00 00
 40 20 00 20 22 45 00 00 00 00 00
 42 29 00 00 84 55 00 00 00 00 00
 00 00 00 00 00 15 00 00 00 00 00
 90 00 00 00 01 12 00 00 00 00 00
 20 00 00 00 42 c3 00 00 00 00 00
 00 00 00 00 10 51 00 00 00 00 00
 30 00 00 08 12 73 00 00 00 00 00
 10 00 00 00 22 57 00 00 00 00 00
 80 00 00 00 88 5d 00 00 00 00 00
 90 42 00 00 49 89 00 00 00 00 00
 00 00 00 00 19 39 00 00 00 00 00
 41 00 00 00 22 55 00 00 00 00 00
 02 00 00 00 04 54 00 00 00 00 00
 80 80 00 08 28 55 00 00 00 00 00
 20 00 00 00 42 c5 00 00 00 00 00
 84 00 00 00 cc 8c 00 00 00 00 00
 08 00 00 00 08 19 00 00 00 00 00
 20 00 00 00 50 aa 00 00 00 00 00
 50 00 00 05 a5 5a 00 00 00 00 00
